##### Peso 1 #####
0.01 0.49 0.5 Precision: 0.86
0.02 0.49 0.49 Precision: 0.87
0.03 0.48 0.49 Precision: 0.87
0.04 0.48 0.48 Precision: 0.87
0.05 0.47 0.48 Precision: 0.87
0.06 0.47 0.47 Precision: 0.87
0.07 0.47 0.46 Precision: 0.87
0.08 0.46 0.46 Precision: 0.87
0.09 0.46 0.45 Precision: 0.87
0.1 0.45 0.45 Precision: 0.87
0.11 0.45 0.44 Precision: 0.87
0.12 0.44 0.44 Precision: 0.87
0.13 0.43 0.44 Precision: 0.87
0.14 0.43 0.43 Precision: 0.87
0.15 0.42 0.43 Precision: 0.87
0.16 0.42 0.42 Precision: 0.87
0.17 0.41 0.42 Precision: 0.87
0.18 0.41 0.41 Precision: 0.87
0.19 0.41 0.4 Precision: 0.87
0.2 0.4 0.4 Precision: 0.87
0.21 0.4 0.39 Precision: 0.87
0.22 0.39 0.39 Precision: 0.87
0.23 0.39 0.38 Precision: 0.87
0.24 0.38 0.38 Precision: 0.87
0.25 0.38 0.37 Precision: 0.87
0.26 0.37 0.37 Precision: 0.87
0.27 0.36 0.37 Precision: 0.87
0.28 0.36 0.36 Precision: 0.87
0.29 0.35 0.36 Precision: 0.87
0.3 0.35 0.35 Precision: 0.87
0.31 0.34 0.35 Precision: 0.87
0.32 0.34 0.34 Precision: 0.87
0.33 0.34 0.33 Precision: 0.87
0.34 0.33 0.33 Precision: 0.87
0.35 0.33 0.32 Precision: 0.87
0.36 0.32 0.32 Precision: 0.87
0.37 0.32 0.31 Precision: 0.87
0.38 0.31 0.31 Precision: 0.87
0.39 0.3 0.31 Precision: 0.87
0.4 0.3 0.3 Precision: 0.87
0.41 0.29 0.3 Precision: 0.87
0.42 0.29 0.29 Precision: 0.87
0.43 0.28 0.29 Precision: 0.87
0.44 0.28 0.28 Precision: 0.87
0.45 0.28 0.27 Precision: 0.87
0.46 0.27 0.27 Precision: 0.87
0.47 0.27 0.26 Precision: 0.87
0.48 0.26 0.26 Precision: 0.87
0.49 0.26 0.25 Precision: 0.87
0.5 0.25 0.25 Precision: 0.87
0.51 0.24 0.25 Precision: 0.95
0.52 0.24 0.24 Precision: 0.95
0.53 0.23 0.24 Precision: 0.95
0.54 0.23 0.23 Precision: 0.95
0.55 0.23 0.22 Precision: 0.95
0.56 0.22 0.22 Precision: 0.95
0.57 0.21 0.22 Precision: 0.95
0.58 0.21 0.21 Precision: 0.95
0.59 0.2 0.21 Precision: 0.95
0.6 0.2 0.2 Precision: 0.95
0.61 0.2 0.19 Precision: 0.95
0.62 0.19 0.19 Precision: 0.95
0.63 0.18 0.19 Precision: 0.95
0.64 0.18 0.18 Precision: 0.95
0.65 0.17 0.18 Precision: 0.95
0.66 0.17 0.17 Precision: 0.95
0.67 0.17 0.16 Precision: 0.95
0.68 0.16 0.16 Precision: 0.95
0.69 0.15 0.16 Precision: 0.95
0.7 0.15 0.15 Precision: 0.95
0.71 0.14 0.15 Precision: 0.95
0.72 0.14 0.14 Precision: 0.95
0.73 0.14 0.13 Precision: 0.95
0.74 0.13 0.13 Precision: 0.95
0.75 0.12 0.13 Precision: 0.95
0.76 0.12 0.12 Precision: 0.95
0.77 0.12 0.11 Precision: 0.95
0.78 0.11 0.11 Precision: 0.95
0.79 0.1 0.11 Precision: 0.95
0.8 0.1 0.1 Precision: 0.95
0.81 0.1 0.09 Precision: 0.95
0.82 0.09 0.09 Precision: 0.95
0.83 0.09 0.08 Precision: 0.95
0.84 0.08 0.08 Precision: 0.95
0.85 0.07 0.08 Precision: 0.95
0.86 0.07 0.07 Precision: 0.95
0.87 0.07 0.06 Precision: 0.95
0.88 0.06 0.06 Precision: 0.95
0.89 0.06 0.05 Precision: 0.95
0.9 0.05 0.05 Precision: 0.95
0.91 0.04 0.05 Precision: 0.95
0.92 0.04 0.04 Precision: 0.95
0.93 0.04 0.03 Precision: 0.95
0.94 0.03 0.03 Precision: 0.95
0.95 0.03 0.02 Precision: 0.95
0.96 0.02 0.02 Precision: 0.95
0.97 0.01 0.02 Precision: 0.95
0.98 0.01 0.01 Precision: 0.95
0.99 0.01 0.0 Precision: 0.95
1.0 0.0 0.0 Precision: 0.95
##### Peso 2 #####
0.49 0.01 0.5 Precision: 0.86
0.49 0.02 0.49 Precision: 0.87
0.48 0.03 0.49 Precision: 0.87
0.48 0.04 0.48 Precision: 0.87
0.47 0.05 0.48 Precision: 0.87
0.47 0.06 0.47 Precision: 0.87
0.47 0.07 0.46 Precision: 0.87
0.46 0.08 0.46 Precision: 0.87
0.46 0.09 0.45 Precision: 0.87
0.45 0.1 0.45 Precision: 0.87
0.45 0.11 0.44 Precision: 0.87
0.44 0.12 0.44 Precision: 0.87
0.43 0.13 0.44 Precision: 0.87
0.43 0.14 0.43 Precision: 0.87
0.42 0.15 0.43 Precision: 0.87
0.42 0.16 0.42 Precision: 0.87
0.41 0.17 0.42 Precision: 0.87
0.41 0.18 0.41 Precision: 0.87
0.41 0.19 0.4 Precision: 0.87
0.4 0.2 0.4 Precision: 0.87
0.4 0.21 0.39 Precision: 0.87
0.39 0.22 0.39 Precision: 0.87
0.39 0.23 0.38 Precision: 0.87
0.38 0.24 0.38 Precision: 0.87
0.38 0.25 0.37 Precision: 0.87
0.37 0.26 0.37 Precision: 0.87
0.36 0.27 0.37 Precision: 0.87
0.36 0.28 0.36 Precision: 0.87
0.35 0.29 0.36 Precision: 0.87
0.35 0.3 0.35 Precision: 0.87
0.34 0.31 0.35 Precision: 0.87
0.34 0.32 0.34 Precision: 0.87
0.34 0.33 0.33 Precision: 0.87
0.33 0.34 0.33 Precision: 0.87
0.33 0.35 0.32 Precision: 0.87
0.32 0.36 0.32 Precision: 0.87
0.32 0.37 0.31 Precision: 0.87
0.31 0.38 0.31 Precision: 0.87
0.3 0.39 0.31 Precision: 0.87
0.3 0.4 0.3 Precision: 0.87
0.29 0.41 0.3 Precision: 0.87
0.29 0.42 0.29 Precision: 0.87
0.28 0.43 0.29 Precision: 0.87
0.28 0.44 0.28 Precision: 0.87
0.28 0.45 0.27 Precision: 0.87
0.27 0.46 0.27 Precision: 0.87
0.27 0.47 0.26 Precision: 0.87
0.26 0.48 0.26 Precision: 0.87
0.26 0.49 0.25 Precision: 0.87
0.25 0.5 0.25 Precision: 0.87
0.24 0.51 0.25 Precision: 0.87
0.24 0.52 0.24 Precision: 0.87
0.23 0.53 0.24 Precision: 0.87
0.23 0.54 0.23 Precision: 0.87
0.23 0.55 0.22 Precision: 0.87
0.22 0.56 0.22 Precision: 0.87
0.21 0.57 0.22 Precision: 0.87
0.21 0.58 0.21 Precision: 0.87
0.2 0.59 0.21 Precision: 0.87
0.2 0.6 0.2 Precision: 0.87
0.2 0.61 0.19 Precision: 0.87
0.19 0.62 0.19 Precision: 0.87
0.18 0.63 0.19 Precision: 0.87
0.18 0.64 0.18 Precision: 0.87
0.17 0.65 0.18 Precision: 0.87
0.17 0.66 0.17 Precision: 0.87
0.17 0.67 0.16 Precision: 0.87
0.16 0.68 0.16 Precision: 0.87
0.15 0.69 0.16 Precision: 0.87
0.15 0.7 0.15 Precision: 0.87
0.14 0.71 0.15 Precision: 0.87
0.14 0.72 0.14 Precision: 0.87
0.14 0.73 0.13 Precision: 0.87
0.13 0.74 0.13 Precision: 0.87
0.12 0.75 0.13 Precision: 0.87
0.12 0.76 0.12 Precision: 0.87
0.12 0.77 0.11 Precision: 0.87
0.11 0.78 0.11 Precision: 0.87
0.1 0.79 0.11 Precision: 0.87
0.1 0.8 0.1 Precision: 0.87
0.1 0.81 0.09 Precision: 0.87
0.09 0.82 0.09 Precision: 0.87
0.09 0.83 0.08 Precision: 0.87
0.08 0.84 0.08 Precision: 0.87
0.07 0.85 0.08 Precision: 0.87
0.07 0.86 0.07 Precision: 0.87
0.07 0.87 0.06 Precision: 0.87
0.06 0.88 0.06 Precision: 0.87
0.06 0.89 0.05 Precision: 0.87
0.05 0.9 0.05 Precision: 0.87
0.04 0.91 0.05 Precision: 0.87
0.04 0.92 0.04 Precision: 0.87
0.04 0.93 0.03 Precision: 0.87
0.03 0.94 0.03 Precision: 0.87
0.03 0.95 0.02 Precision: 0.87
0.02 0.96 0.02 Precision: 0.87
0.01 0.97 0.02 Precision: 0.87
0.01 0.98 0.01 Precision: 0.87
0.01 0.99 0.0 Precision: 0.87
0.0 1.0 0.0 Precision: 0.87
##### Peso 3 #####
0.49 0.49 0.01 Precision: 0.87
0.49 0.49 0.02 Precision: 0.87
0.48 0.48 0.03 Precision: 0.87
0.48 0.48 0.04 Precision: 0.87
0.47 0.47 0.05 Precision: 0.87
0.47 0.47 0.06 Precision: 0.87
0.47 0.47 0.07 Precision: 0.87
0.46 0.46 0.08 Precision: 0.87
0.46 0.46 0.09 Precision: 0.87
0.45 0.45 0.1 Precision: 0.87
0.45 0.45 0.11 Precision: 0.87
0.44 0.44 0.12 Precision: 0.87
0.43 0.43 0.13 Precision: 0.87
0.43 0.43 0.14 Precision: 0.87
0.42 0.42 0.15 Precision: 0.87
0.42 0.42 0.16 Precision: 0.87
0.41 0.41 0.17 Precision: 0.87
0.41 0.41 0.18 Precision: 0.87
0.41 0.41 0.19 Precision: 0.87
0.4 0.4 0.2 Precision: 0.87
0.4 0.4 0.21 Precision: 0.87
0.39 0.39 0.22 Precision: 0.87
0.39 0.39 0.23 Precision: 0.87
0.38 0.38 0.24 Precision: 0.87
0.38 0.38 0.25 Precision: 0.87
0.37 0.37 0.26 Precision: 0.87
0.36 0.36 0.27 Precision: 0.87
0.36 0.36 0.28 Precision: 0.87
0.35 0.35 0.29 Precision: 0.87
0.35 0.35 0.3 Precision: 0.87
0.34 0.34 0.31 Precision: 0.87
0.34 0.34 0.32 Precision: 0.87
0.34 0.34 0.33 Precision: 0.87
0.33 0.33 0.34 Precision: 0.87
0.33 0.33 0.35 Precision: 0.87
0.32 0.32 0.36 Precision: 0.87
0.32 0.32 0.37 Precision: 0.87
0.31 0.31 0.38 Precision: 0.87
0.3 0.3 0.39 Precision: 0.87
0.3 0.3 0.4 Precision: 0.87
0.29 0.29 0.41 Precision: 0.87
0.29 0.29 0.42 Precision: 0.87
0.28 0.28 0.43 Precision: 0.87
0.28 0.28 0.44 Precision: 0.87
0.28 0.28 0.45 Precision: 0.87
0.27 0.27 0.46 Precision: 0.87
0.27 0.27 0.47 Precision: 0.87
0.26 0.26 0.48 Precision: 0.87
0.26 0.26 0.49 Precision: 0.87
0.25 0.25 0.5 Precision: 0.86
0.24 0.24 0.51 Precision: 0.86
0.24 0.24 0.52 Precision: 0.86
0.23 0.23 0.53 Precision: 0.86
0.23 0.23 0.54 Precision: 0.86
0.23 0.23 0.55 Precision: 0.86
0.22 0.22 0.56 Precision: 0.86
0.21 0.21 0.57 Precision: 0.86
0.21 0.21 0.58 Precision: 0.86
0.2 0.2 0.59 Precision: 0.86
0.2 0.2 0.6 Precision: 0.86
0.2 0.2 0.61 Precision: 0.86
0.19 0.19 0.62 Precision: 0.86
0.18 0.18 0.63 Precision: 0.86
0.18 0.18 0.64 Precision: 0.86
0.17 0.17 0.65 Precision: 0.86
0.17 0.17 0.66 Precision: 0.86
0.17 0.17 0.67 Precision: 0.86
0.16 0.16 0.68 Precision: 0.86
0.15 0.15 0.69 Precision: 0.86
0.15 0.15 0.7 Precision: 0.86
0.14 0.14 0.71 Precision: 0.86
0.14 0.14 0.72 Precision: 0.86
0.14 0.14 0.73 Precision: 0.86
0.13 0.13 0.74 Precision: 0.86
0.12 0.12 0.75 Precision: 0.86
0.12 0.12 0.76 Precision: 0.86
0.12 0.12 0.77 Precision: 0.86
0.11 0.11 0.78 Precision: 0.86
0.1 0.1 0.79 Precision: 0.86
0.1 0.1 0.8 Precision: 0.86
0.1 0.1 0.81 Precision: 0.86
0.09 0.09 0.82 Precision: 0.86
0.09 0.09 0.83 Precision: 0.86
0.08 0.08 0.84 Precision: 0.86
0.07 0.07 0.85 Precision: 0.86
0.07 0.07 0.86 Precision: 0.86
0.07 0.07 0.87 Precision: 0.86
0.06 0.06 0.88 Precision: 0.86
0.06 0.06 0.89 Precision: 0.86
0.05 0.05 0.9 Precision: 0.86
0.04 0.04 0.91 Precision: 0.86
0.04 0.04 0.92 Precision: 0.86
0.04 0.04 0.93 Precision: 0.86
0.03 0.03 0.94 Precision: 0.86
0.03 0.03 0.95 Precision: 0.86
0.02 0.02 0.96 Precision: 0.86
0.01 0.01 0.97 Precision: 0.86
0.01 0.01 0.98 Precision: 0.86
0.01 0.01 0.99 Precision: 0.86
0.0 0.0 1.0 Precision: 0.86
